9234
610
8831
5299
457
3277
2494
1454
3235
2156
9112
6558
4964
866
1877
3407
5973
3434
9911
6621
6602
2548
9920
6915
7267
7428
4975
479
7925
1044
7211
6153
496
5418
8504
9704
7226
1937
4203
1417
9457
1991
7790
2992
4722
7856
1744
6583
9307
9435
5504
8674
5945
9892
6135
6598
2560
6761
4857
4973
4577
5801
1676
883
8989
73
9804
7824
116
5497
5005
3081
35
569
4155
8104
7925
5229
178
4157
8014
6720
3643
2986
6616
4081
4116
506
1871
5676
5828
7108
6329
9269
4439
9200
8452
3952
2324
9788
9764
8711
551
50
4698
9100
2707
7039
7234
4820
2559
7722
3900
3052
2413
6868
2451
2462
4456
6785
6636
3224
4024
7193
2370
4539
7517
4008
1150
5909
8933
8632
4387
4890
4798
5498
3720
481
9314
6322
3509
4395
4738
9537
9034
723
230
9160
3491
1491
9820
2131
3475
8905
4652
9125
7556
6343
840
8824
7744
5822
6021
3362
3315
5591
6319
3458
4578
3052
4801
6447
1850
1301
5049
2631
5468
9924
7341
4081
452
8302
1493
6749
2286
6922
8986
2973
4846
8050
890
7341
8555
464
940
2273
5566
2515
788
832
6936
8539
5989
7121
4143
6572
1831
7665
5601
8989
812
8363
1717
22
4268
6434
3880
3846
2726
7288
130
966
7584
5730
2471
5906
7321
5007
456
208
618
9969
6650
3906
5910
8912
9815
2210
5072
2597
4556
7126
6605
5654
9195
6374
9125
4594
6757
8389
6858
5172
5370
345
374
4282
1798
2764
2614
1722
8784
6469
1785
6187
7991
5815
4638
7162
714
519
2270
4241
6403
8583
1751
1354
737
9645
2274
5214
7071
3178
5479
1622
4780
2604
9077
2372
3115
7166
5831
6804
454
3728
3164
2181
34
5154
1787
4526
6796
8173
6903
2584
8622
6417
5399
6644
2987
354
3144
4246
9107
5390
9972
7275
8624
1573
7495
9534
3356
5440
1432
2385
671
8586
5749
9932
3754
2172
5451
8011
2475
4580
9354
200
6197
8745
9559
2638
501
3848
8639
2519
2807
8446
9092
7108
5762
3691
9880
4289
2877
9567
2157
1409
8891
8951
2484
510
8517
1294
8335
8549
1104
5132
2345
5955
1041
7836
7729
7770
1550
9306
2211
8134
430
228
9695
2637
6919
6005
53
6032
9120
3129
7287
6976
5171
2912
4864
1747
442
1559
1424
4099
8482
4730
9452
8740
1135
5101
7142
8847
5538
8981
4402
4399
9626
9678
9110
2000
5113
4818
4329
4788
7209
3695
8634
910
3434
7520
380
8041
8395
9015
8733
8850
8132
1746
1264
1061
8727
6150
529
7909
1673
6453
679
1481
8513
5494
8779
4412
5476
9518
1739
4693
2846
8487
8012
2990
9480
758
5434
3680
2915
5253
2953
2034
8898
560
4374
1006
6993
5621
6819
8054
1635
5384
9587
7258
8181
685
8299
9355
2843
1359
9700
4517
9973
4509
5409
4365
4859
2984
6516
9794
9949
9682
8133
1958
1802
7614
4436
8466
7934
6628
1283
7198
6863
151
4313
726
6724
823
7645
2824
1793
1442
6415
8069
3477
7579
8343
7176
9523
234
8603
6695
7683
3426
9198
5396
8876
386
9614
2370
9824
9913
7270
1456
6810
8972
3360
9274
3118
6790
5161
5990
7058
6989
3310
7328
3471
9852
7045
6979
4845
2530
2811
3358
2280
6238
2167
7988
7008
414
8106
342
3053
1808
5704
1558
8471
7924
0
3393
9075
9899
3832
3018
5319
1777
8770
8059
7028
7493
7245
4606
1379
2009
7580
329
3416
7285
4493
6340
6570
7102
6071
3355
9274
3847
7652
5324
5225
4689
460
4472
6803
5360
1314
1566
1136
5083
825
8317
7011
3968
3002
7942
7465
5705
9946
6895
5072
566
7052
2946
223
6292
8374
9922
4503
7007
9492
9271
4751
509
1944
3886
3704
5200
287
6123
5820
5179
4636
9682
3576
585
7807
6425
6267
4273
8579
6265
873
4921
2848
263
169
8203
3154
1835
8525
2200
3801
5512
4129
1982
2209
8095
8148
4741
7555
9808
4373
7064
9058
3897
9181
9101
5524
6707
4644
5054
4366
5181
5638
8344
2334
5885
4736
4148
8399
4682
5812
3247
6343
5987
2195
5865
3351
1062
2175
4269
1327
8662
5128
194
882
5184
2546
4732
4788
795
8634
9398
5232
6478
432
5337
3920
6205
7345
399
85
4773
280
8626
479
414
2840
5841
183
3266
9019
2530
1817
9396
3384
8059
6902
6275
9553
2014
9766
7042
8539
4797
5452
7285
2741
1240
1124
5299
6532
2840
2662
3061
5957
102
539
2056
9085
9268
4086
9136
8782
4630
9872
8398
2569
1051
1594
6519
6525
3678
8269
2145
5282
2805
4044
8807
8081
1575
7130
7578
6076
668
1583
4521
3454
4775
9804
5759
7944
43
300
8975
8072
4008
1738
8850
9682
4396
1748
8891
5317
9392
3364
2591
3989
3181
880
5675
7968
9635
7614
4082
1599
1017
6487
1702
5724
6984
4457
7279
4706
2623
8356
8454
2814
745
4558
3102
6836
5717
1308
2427
2451
6870
3116
2494
2388
4730
2979
9399
6127
9376
8605
3180
2340
4636
9776
1798
3367
5997
700
4447
1255
2992
1054
6047
3324
510
1711
5722
640
5029
7507
4265
9306
676
519
7201
9729
1197
5598
1303
4214
1162
6979
9975
1786
1180
7632
2863
3822
1209
3346
3038
8494
1995
7705
307
7018
6098
4955
9583
1746
7809
4500
3186
9562
3796
9506
1904
1133
3364
248
210
2922
6808
706
809
9339
9472
3705
4479
4337
9341
3454
1567
3182
5163
7312
5885
7201
7778
4285
9005
4357
5401
2040
7278
8838
4348
8419
5256
2404
2840
3676
4846
8712
9482
6576
4438
2154
4823
727
6978
2443
799
8568
1011
6968
5502
5343
5705
7402
6212
5867
8804
2796
3101
3621
4408
3171
1420
9845
54
1224
4633
1349
7634
5873
4429
9466
3631
2035
8676
3096
6883
159
2077
2605
4309
6235
1361
7686
3363
2262
2184
968
9692
862
5466
7113
2077
8369
8466
1277
5036
4618
7966
6634
8981
1529
6581
8399
4261
526
1584
7718
9599
8402
1227
4309
3394
7248
6244
3370
1647
2482
5665
7257
3855
2639
7336
7802
6297
1289
9150
1598
643
6859
3990
476
9630
7258
4155
5211
9673
8305
3975
8577
7095
1015
5926
8767
2954
3946
3666
9115
2698
8246
5859
8353
6155
876
4578
1676
4601
4897
4610
405
8921
748
846
4365
405
8567
7849
3108
3245
973
3001
8506
3593
2727
9906
3748
1039
5393
5411
7934
1115
1312
8795
2737
7900
9596
1877
1150
7755
8683
9574
1257
8851
6872
2223
9986
3248
5412
5572
3066
2646
8085
5965
5364
4941
9819
2008
1817
9847
3164
5690
8475
4577
5234
2458
6318
1268
5693
1050
9863
8375
8521
7926
1839
4590
6730
7593
3369
1884
9162
553
583
421
4906
1690
6298
5935
9311
9521
6794
1142
9264
7138
4115
8767
5852
1276
1331
351
470
9786
8477
6466
3276
6449
4527
2330
5233
7116
3893
7170
6028
4251
8109
775
4151
9123
2636
9196
3030
7823
6651
9986
8403
3519
5360
7310
3957
3235
6444
164
5014
514
883
941
9051
5167
2166
2423
1871
3309
7833
9626
1003
2756
2211
739
4038
1239
9658
181
9125
2290
1178
101
254
2909
8068
2989
40
6404
5771
2928
6409
362
390
8639
8791
8468
2280
9923
7819
4366
2708
2620
2083
426
3069
7119
9365
4431
6820
3745
9980
3260
4451
9528
6727
4773
5290
2119
4489
9170
9207
5346
861
5273
1147
7468
5089
3806
5618
9915
7347
516
5757
5684
3428
3248
711
498
1051
3277
1716
9862
3683
2920
6285
7591
6855
5387
9367
9069
6645
660
2092
1315
2491
286
1350
2620
5041
584
4245
4679
7888
5521
9114
867
1937
9297
9076
8745
2337
5779
8340
1990
3938
2224
2427
4485
5471
1540
1768
3882
1041
5309
8930
1830
144
6556
7046
7175
2948
3905
3218
9811
5041
8492
6825
3765
5825
8961
9098
6773
9740
7196
9365
7881
7221
97
4392
4976
5880
8318
9426
4349
8396
2973
49
1359
8990
2430
7634
1652
455
7739
2877
9573
2708
5184
6764
5669
2208
2500
5210
5941
1965
2240
185
3157
3889
2918
7137
7940
3905
4524
8056
589
8588
8949
5620
6803
423
3958
6433
3319
9830
1722
462
2219
6200
1508
9075
6297
3286
6062
2104
9861
6242
4212
6811
7778
974
2652
9400
8348
5090
2850
3363
665
9466
4649
7145
8575
6479
3439
9115
8009
7558
7236
1389
8731
2862
7539
7191
1789
2460
1798
2456
3694
1416
1737
2001
3092
8200
3364
1773
5699
1648
7501
4828
1307
1180
9204
8649
8024
5591
5506
5435
2317
5843
4589
7543
5445
7601
9390
4700
4262
697
7281
190
8889
2698
3494
7295
6902
2835
8913
198
6008
3041
9912
1635
4253
8094
7849
4033
3272
9115
5082
8687
1284
1097
6926
4152
62
5371
2500
5987
7528
6047
7764
8562
2941
5951
9081
5956
28
7161
37
1315
5527
606
1097
7352
2989
5819
5643
2668
9175
389
7333
3384
8697
9207
8624
9978
7991
8213
8932
8351
8771
6188
6729
1819
8928
3145
2484
4363
4496
1419
3520
4013
9323
4505
449
7755
7608
6136
6948
4214
2596
4558
8470
2989
1075
4107
9610
1088
7609
5516
1272
7743
6347
8021
119
1428
6770
4948
9324
7183
974
3666
1515
1752
4834
919
7217
982
3656
802
5888
4478
6264
5504
3920
9362
1317
6072
8306
8788
5451
3795
2767
4576
9897
1605
908
4071
2676
7960
4471
5362
9598
6283
4932
2121
8647
5843
708
9780
6372
6077
3247
2443
7143
8911
901
4906
6778
2175
7900
589
6393
8677
8691
2622
9800
9906
7467
8368
1368
3654
5325
3152
3227
3085
9890
3515
64
2672
2887
4950
2866
7633
9202
7550
4449
2036
268
3427
1675
7889
3001
1307
4260
6922
5401
6390
2128
4684
1431
2892
2018
1732
181
3970
9547
6328
3940
4183
9192
1203
2078
9783
2446
9494
8583
3642
552
5439
1998
7204
6574
2562
6084
77
5466
7410
6798
8604
9020
7997
7234
2533
738
9151
4638
4057
8536
8109
9700
769
3460
2121
399
9258
7503
9075
7306
6098
4854
2374
4555
806
5632
9536
8176
8523
3057
5122
629
3751
4406
6323
3019
952
3322
7965
567
3102
1609
9832
5682
7648
3288
8507
7059
2597
7848
4897
2430
5777
669
4640
5221
9063
7778
8626
3112
7876
6842
5438
9091
4708
6042
3222
3492
1082
2426
9232
702
4062
1871
3128
6177
5214
6820
9690
1937
1411
3942
2955
5078
7905
6297
8762
4697
7262
4916
2161
3472
850
5828
851
4337
2441
3644
6967
2665
5891
9417
3044
5713
7621
2902
6796
7794
1197
9722
443
3880
9671
8053
676
2152
4003
7356
9420
9487
2997
5446
4372
4292
8164
4010
1663
5067
5304
8246
4238
2475
8519
8821
4244
4297
5096
6750
5807
3998
3483
9374
8653
5972
4539
7729
1514
2268
2359
4353
1561
6839
3116
6325
2513
7681
4268
4034
8346
7059
8847
6867
1169
987
412
3926
9368
8567
6540
4691
7292
5022
9583
740
923
7770
3231
2555
5629
506
44
9242
3741
7086
1397
5135
7760
3422
6863
8464
4368
2293
5447
9295
4391
1172
96
8756
6006
6229
8832
6693
3641
1208
6361
1777
4349
817
8235
4638
8135
8032
6756
4385
8644
3429
1859
9325
43
7392
2167
7189
7395
2528
4919
506
392
6018
7798
3177
7804
8921
9530
970
8359
2773
388
8286
1272
13
3433
4313
8374
4406
905
1564
1207
9580
8906
9223
485
6711
2683
6568
6687
3012
8511
5832
6200
5824
2140
2263
5156
2991
1740
1348
9720
5302
8594
8637
5650
9705
4705
9121
2394
3298
633
540
1333
6884
7162
1441
2404
3244
3857
8005
6290
3311
5992
3992
5487
807
9817
3656
8380
1139
52
3110
70
5719
5547
8321
8966
4948
9636
2455
865
117
6169
9005
7069
9162
4427
4441
2517
4641
6538
2974
1022
7890
4317
2486
7377
1649
1386
2621
7591
5328
2080
8283
5802
7489
3879
2109
8214
8118
3689
4815
5484
5827
9925
8733
7241
4806
6744
1207
8380
1625
3924
4908
5449
8558
3845
5131
3283
7622
8897
1193
3950
2524
5569
2863
8250
7556
3078
4312
2001
7725
6012
4291
7380
3506
2366
8758
7234
8991
8854
6080
8965
8078
1984
2311
879
4638
2722
6292
2730
7709
1083
413
713
338
9392
1131
1174
3468
7506
4439
9493
3490
4784
4718
1613
2308
1016
417
7916
2978
615
4295
6277
8929
6672
2603
7138
83
39
3595
7070
6357
9047
5995
8700
9945
8199
3045
4294
3129
3473
7120
9781
9602
3503
1997
2533
2039
8545
8863
7477
5001
4565
4674
6830
6614
3667
5600
1531
9908
8264
6209
8937
7358
9023
5323
1886
7521
9516
512
3595
8868
8007
8579
3979
9433
1001
2786
3671
3492
7258
3145
3905
5480
5474
5284
6748
7579
9599
8271
7353
5743
6026
6928
2842
6754
6587
5236
463
6042
7541
3860
7596
7375
3899
6483
6339
1881
8663
165
6556
9062
2686
6646
1765
2922
2447
9988
6571
8248
3352
6906
4038
599
3947
2789
9841
7805
4948
7573
5229
5290
4246
4821
4179
827
6912
4643
1477
7147
3912
6086
6347
6047
3059
8916
3636
539
4036
9946
9689
7563
2195
7198
3050
5388
1884
6495
3227
5411
5598
4658
9970
6796
9269
5705
1316
8609
4495
6480
6328
9
3279
6843
1463
8108
8543
702
3643
9502
3069
6342
4099
5570
3372
1003
3088
9776
5516
304
7839
5130
2444
7815
8829
5708
2244
825
3017
9191
433
3792
4544
7913
6411
5052
8785
3357
9875
5341
4046
6840
8497
9595
6535
4173
5031
2467
6662
9063
4867
3101
2843
1488
920
8735
4419
6477
3208
2414
9266
806
4145
6279
2881
3109
9520
6287
323
6193
787
7537
7638
7788
2722
7591
2973
2227
483
8065
6652
3103
6044
8758
8167
1277
3498
6200
3048
4286
3627
9236
1192
3923
6777
8608
5634
7904
4022
266
2871
2953
9075
5525
7303
6589
3575
2576
6833
1711
7362
4112
3416
6147
8813
5655
9599
3522
2285
305
4341
3915
9803
6635
8555
8194
7900
3988
8330
1952
9541
9309
8504
584
818
2364
7753
7379
5154
6074
236
1091
3496
7487
4536
4112
6126
3968
4230
9915
8312
2379
4771
7164
1439
7160
3909
2970
5056
7129
3657
4563
7628
2274
9024
1969
3249
5476
1718
2069
6222
211
6980
7829
9736
3036
2746
4155
8198
6416
7642
4937
2266
3401
5872
7761
7658
3839
2145
8014
787
9037
5273
4555
4121
4261
8886
7216
7516
440
8089
148
2079
424
3912
450
3456
9687
7447
8816
6042
3355
7381
7429
9665
4353
3873
1533
1691
6264
7739
7292
7168
7738
4736
6184
2903
4662
9253
606
4859
8723
202
7109
9882
7623
7829
3380
9340
6388
6928
5779
7834
3563
6105
2371
2296
5901
8138
6953
6479
7705
9698
7998
4567
3790
8095
2673
1940
4268
8056
9013
3382
7508
9453
1154
159
1301
9756
1693
5045
8317
3734
7773
9412
7035
1005
4307
8986
1551
239
568
1199
9118
8172
294
1322
233
5112
3152
5475
9492
2045
622
7339
2125
2263
863
8354
1974
9527
6403
5373
7765
6462
2938
173
8858
1372
5492
9246
9726
3321
2313
2544
6359
4350
3535
3965
4111
715
4782
6817
9826
2981
692
5486
3057
5619
5351
4546
452
7083
158
7713
1835
5208
5232
7027
9768
9030
1846
7471
4126
6927
8160
1695
5681
8026
5143
4409
9965
263
2443
8358
6216
3962
3013
4823
8854
130
4459
7992
6589
2925
5190
290
9008
8057
603
6983
4555
7749
1636
4520
420
8659
5476
728
9913
7672
2982
2927
5886
4169
6816
5145
8738
1755
9519
8046
1374
8795
8804
4124
2790
5593
8602
7707
2188
8086
8234
1378
3627
4111
4830
3149
415
2902
497
1483
4895
6629
4580
7777
2583
8495
716
7547
7350
1765
839
8597
972
8911
730
8630
5074
9743
1866
2211
4647
6825
9753
1760
9727
4782
105
7862
7114
9706
7441
7001
6221
9359
3993
7878
674
7712
1230
998
3586
6021
1722
9525
8831
4412
9159
6124
5745
5610
3988
1588
1936
8357
9697
2735
6277
6731
3379
5688
6
4079
9835
8576
4386
5659
5356
3540
8255
1942
1453
4908
4294
5115
9694
4522
6175
3609
865
6605
6271
9429
7357
9230
5149
4138
5368
5526
3144
500
8407
3948
7343
9721
3107
2169
7873
2287
8272
7025
1052
8670
1197
3200
3823
6166
4562
7400
4525
5301
7253
1194
2858
3929
4953
7122
452
6554
2972
9915
26
2589
9048
2495
467
5639
5747
2228
3236
3263
8153
5089
4095
4434
11
3677
4952
9256
9110
1723
5788
5242
3214
971
3022
3407
8731
861
7697
3068
8786
3105
9372
3737
5928
6615
2035
4960
5269
8340
2204
4197
2734
6351
689
8303
9392
737
8391
2398
8642
2504
1633
1944
5457
6759
1663
6655
6494
3303
6007
2899
4322
8203
60
6690
8935
8117
7822
1630
506
7343
9248
7887
2917
6948
4340
6251
2901
7186
3988
4186
2541
2838
6460
4559
7729
8736
3379
4600
671
2826
188
3620
9424
6538
413
9199
559
7643
8896
4234
2906
6989
6860
9022
469
3988
2637
5498
7775
7185
265
7396
6195
7111
8649
3264
2417
2509
5481
5515
7610
238
7383
4951
2079
5844
6969
8662
1290
3090
3447
1032
9119
2193
5865
1135
1031
766
6776
7895
2191
8819
469
6231
5445
1746
9905
810
4866
5561
2951
5649
6033
7736
8982
5251
8348
4752
1602
7755
122
9031
970
4819
5985
2175
5204
9893
6104
3776
4618
2313
2587
5603
7700
7506
7110
5678
6744
8278
4206
2732
930
8813
4636
7523
351
7933
3018
1264
395
3800
7372
7417
7734
1636
8734
2182
9172
2629
6399
8882
5017
5811
9070
467
2473
3958
6521
2919
3857
3080
664
9905
7452
8838
6091
568
7835
8623
3365
3907
8574
219
542
2674
8322
7735
9806
3500
891
3446
3968
1883
771
9400
3503
20
4352
1472
3340
618
5586
8376
5865
8871
4136
9641
4670
7648
7452
7063
1000
193
1103
2626
6438
6795
8354
6491
5469
6317
8803
3384
3926
7592
217
9044
7503
8268
2457
8483
7966
3911
5123
1721
6800
4353
1577
3283
8445
6215
8771
6006
8746
1854
7696
363
4090
4976
5879
5321
5935
2461
5744
8497
991
5528
2739
7100
4884
1909
8359
3224
2177
1297
5633
115
2010
7764
3936
1970
6920
2934
8912
3993
1917
4270
5255
2174
5366
7847
1791
1562
7901
2414
8378
9199
8502
4583
5471
6726
8356
9911
7157
6627
198
9091
3786
7435
6952
7983
1601
744
6623
9164
9892
430
3606
541
3657
8031
7013
5171
7045
8187
5747
7395
7985
2600
3379
8964
7964
4633
9751
9534
4057
1662
9384
969
6139
8308
6817
4834
2557
6685
3607
2309
8815
8670
3847
3931
9046
852
3319
8239
3284
1542
1164
1577
884
6419
9144
5094
7118
2414
2626
1135
4747
7706
3124
129
2145
3897
3888
82
283
481
5863
9441
2129
613
6116
7816
1413
1988
8814
7859
2408
2823
7906
9782
4156
4651
6658
3145
8858
4723
6261
1809
4479
1037
7795
4422
8942
1641
1932
165
7215
8430
4447
1402
3372
7416
1242
5683
322
1627
7825
40
3151
886
6457
6362
5183
6714
9300
8579
2346
7314
6482
1344
145
315
5596
1951
9196
2169
9381
7654
1951
3866
3337
998
8805
9677
6855
6582
9892
9171
5408
4623
4114
2894
5633
3363
3851
6942
2021
5580
6829
852
2087
7373
1115
6634
1762
2286
2302
1579
2278
8413
7792
2875
6736
2972
641
7575
1249
1264
7813
7547
1531
7646
5131
3348
6014
6444
1562
3068
740
7862
1387
9364
518
3666
6932
6630
5968
8121
156
3923
9883
6325
8613
7328
7715
7777
9576
5953
5072
9336
7700
7840
8753
4341
6890
7614
2037
6500
4890
8987
3981
60
2674
1297
2561
2524
7809
8015
1514
2897
6047
265
1281
6337
7510
2921
7902
6712
3137
5897
7290
5331
5659
9290
5414
5656
9803
906
7107
692
1731
4164
909
3870
4497
4195
4332
7911
709
3961
8567
2975
9774
7877
7275
8844
1490
8790
1326
4421
9196
919
9057
1869
685
4341
713
9796
8581
9660
7797
7145
8697
5840
1978
992
199
1149
692
5258
3222
8842
9881
4456
9024
1801
3885
8064
9322
1751
461
9225
9205
7797
9626
1216
6143
5797
7984
1112
290
9614
436
4217
3417
183
812
9011
7069
5510
4456
9265
8858
5973
5861
5893
6150
3506
5738
5001
6440
540
4419
2881
5077
8196
9226
6281
3310
9441
1890
8297
6229
4790
7641
4930
2595
8657
977
5703
1166
2491
321
4865
6405
4642
6078
9472
1094
1331
1199
6094
520
1855
8624
3485
5069
3006
8859
1422
1410
3691
9105
164
3783
1284
4809
1826
4047
6231
1702
422
4536
5978
4591
5510
8296
6666
4801
1446
3388
569
239
8770
2039
6852
7371
1646
6337
916
6447
2997
1489
8521
3095
3581
7355
5931
6388
9575
8650
6986
719
9708
2953
161
6287
2710
3750
3286
267
7400
2923
3393
2444
8497
3155
6385
4635
9664
7480
1018
5109
7642
2931
7278
74
5123
511
8775
7234
2001
4858
1610
6292
5858
9977
5635
2338
7531
7815
3649
6777
8383
772
7745
8421
2853
370
4769
138
7453
6731
6514
1785
1346
5690
414
3559
1231
9483
2150
5901
4465
4043
2054
3645
4481
6707
7929
1918
9411
9212
4256
6103
894
4220
6807
9347
173
580
362
4566
9795
2740
6831
2122
1802
7962
2285
2585
7060
9187
3448
2899
6758
314
8579
1067
4714
7353
424
431
7631
2720
6201
418
2619
9679
3525
2823
3494
6451
6687
7720
6770
4466
3058
1376
5796
4822
7028
6382
6386
3211
6890
73
1222
4784
5368
147
1862
4396
9109
2178
6126
1975
8647
8569
234
8457
7347
9552
5424
4154
7879
6433
2985
6277
8639
7258
507
7454
3857
9363
8345
2145
993
7769
4528
1761
4248
5977
3485
8407
2295
3075
8584
8653
5991
9540
1233
2121
6638
3516
8348
5815
367
9976
6618
6583
6148
484
6809
2782
10
5403
2687
6837
2858
9879
7108
9117
694
3321
2527
9822
7829
2260
3578
5599
3023
8583
3659
956
3767
9950
9596
4620
7584
1442
1320
890
1696
2969
9710
5021
6929
2470
7096
8426
2630
3202
3645
6962
6611
4100
9083
5005
196
410
7403
1151
2297
2498
2137
2358
5284
2864
6909
9774
696
8115
2850
6570
2252
4816
1920
4042
9484
8363
7128
2567
6815
6768
5880
6569
8509
5200
5742
4110
9582
3219
6502
1756
4972
555
7988
1163
6555
1720
187
154
2714
3913
8000
906
8580
7120
5640
7356
1320
2376
6807
9643
6549
3535
9289
3739
9739
3879
4512
7896
9529
2964
7029
4164
8173
1819
8596
4031
3103
681
75
5337
4351
8703
5859
5381
4662
9530
8073
6111
8242
1057
3847
4094
4128
2967
2192
689
5366
3055
2511
7359
9412
1518
5179
6964
2875
5551
1124
4349
9073
630
3319
46
136
9475
2008
2917
768
9223
8506
9263
1881
5901
6164
2116
2742
374
5734
3915
758
7739
1220
8951
3699
7931
3081
7571
9463
8879
6771
9577
2028
9645
800
6669
5549
2205
3231
2139
6599
1952
3183
568
7694
2389
2861
4919
9924
7212
5127
3855
680
6782
2109
4284
2947
9321
6488
4122
5377
2740
1752
2784
6023
1061
8171
4535
4695
2710
1482
4180
9741
2074
8161
9589
5128
1532
6705
4255
1789
2591
8033
6302
9845
8063
1718
3325
269
9462
673
9478
4556
6817
9322
3076
7788
3879
4342
6873
9481
9656
1333
5601
5828
236
7416
8757
578
208
9188
4312
3384
1305
5751
9179
5249
3162
4571
7815
7327
6596
6528
710
5840
698
1255
7308
8773
4151
867
2056
3241
8521
5574
9912
2453
9857
6341
2973
5737
5592
5786
8806
769
6788
227
7381
2989
9745
1756
4699
4123
2709
5631
5284
1575
5777
3203
5490
4266
1720
2240
4107
6539
1858
8754
2812
4349
1353
2529
3010
9873
7030
7604
3327
4339
4936
2927
5278
3319
6052
5902
8017
8045
7580
7545
9179
525
9108
9174
2901
8302
4725
2243
4360
8739
7102
4965
0
8606
8092
4429
4019
8660
9933
3373
2241
4176
4500
4192
3681
2207
8013
4939
4986
2413
5447
2349
9301
7044
5927
8134
5993
1127
8354
5548
9943
2568
9136
191
1303
7874
5309
2686
3734
7694
2272
4344
8546
5933
1025
7939
9383
9887
9607
9072
1336
5447
898
3499
9922
2853
8063
5354
6519
3829
8004
8974
6250
1567
4446
5874
3265
7473
8115
3019
7785
4800
5333
5627
2532
2350
6381
9702
4802
9428
4049
5953
4335
5004
5376
2132
5639
1178
4495
5357
4500
9532
1115
1412
8727
2191
7961
9327
4916
1273
9130
5593
1046
4413
5436
7219
9350
5469
5303
3219
8518
8749
7048
7524
1963
580
479
7220
1377
8283
4370
5169
2490
2013
2116
6331
4086
4045
9998
6527
6392
8453
6076
502
6810
1990
1770
7634
5552
3210
1565
8311
4745
1588
6999
457
2452
551
1701
9833
4795
9682
740
7197
8955
5426
3776
646
6972
154
6972
1023
9268
3999
6072
6989
285
2513
5809
3079
8232
460
9411
8526
4949
4420
9556
6180
3846
414
3828
1118
5265
9523
6022
4130
4684
457
4107
9562
6611
3665
8290
2770
4108
2719
4687
8290
5172
2985
1217
8822
7999
9945
7572
8743
2277
7541
1671
9854
2225
2596
8959
1717
1022
9505
4510
9655
6012
9841
2287
8307
5043
9017
5217
8427
4721
7458
3144
368
5570
9044
8568
9049
5243
3956
8309
8474
5377
7108
2014
3729
8352
8871
7199
6714
8346
4432
7809
9688
7484
3608
4443
9370
2221
3240
5533
1440
4286
8913
7481
4331
7572
1866
862
5635
7499
6580
8870
4453
5982
5513
1929
9858
9705
5461
9418
2415
5535
2393
4375
2150
316
8462
5488
9182
4152
7271
6401
4002
9442
2593
1624
2510
8376
4699
8650
3877
7838
3425
4104
1225
8851
2033
1228
5148
7127
7235
1452
3777
8976
8047
3781
5794
8689
9904
3655
5587
2935
7652
3266
1283
67
4959
1108
8574
465
6150
9814
694
5554
96
954
9345
277
7659
4027
1387
8603
3233
5816
2795
9256
6277
7362
4221
5321
5871
3596
1928
8485
5459
574
682
8876
8756
5771
2281
4837
7610
7113
6328
3292
3134
3681
965
7353
7871
1345
4042
9727
4506
6706
3078
8697
3806
6417
707
9118
1942
6561
1107
1486
1914
7849
9196
4312
6242
8295
4326
4170
6585
5273
9496
5773
9256
6119
5250
5316
4181
4589
1714
2619
8313
4555
3754
6285
8227
6335
3007
3253
5221
1454
5718
4027
5702
1665
5562
4718
2269
5234
3525
6870
3717
3220
6358
9432
3339
4718
4214
2170
2382
5838
8318
3957
977
1334
3167
8216
4454
8057
4477
4031
7845
6962
662
1597
6243
9946
96
1212
1493
6873
4991
543
2563
9781
9713
3436
9694
4822
6660
1988
6150
1150
1799
3123
3401
2085
207
5367
5589
1146
3854
6265
3747
8855
5892
1499
2907
4133
5156
319
3064
887
547
8483
5010
9431
6112
7808
6953
96
9062
1069
8506
4538
616
3022
1828
5212
5629
7116
2539
7189
1788
6634
2743
683
520
4453
7140
9462
5275
1907
1146
5330
9203
8564
2418
9994
2258
3856
7014
1903
7343
7479
3733
1705
4881
9869
2027
5329
3284
6696
3860
1609
8418
3018
325
8703
4366
6394
8685
5101
8831
1810
4320
1391
931
4259
960
9253
4651
5591
5825
1122
8977
3527
4621
9058
7332
4700
787
1488
8133
5637
2724
5726
2175
5705
4084
237
8945
4976
8996
1436
9400
2748
7933
7013
7353
5974
7598
335
7357
6149
1893
7978
4102
539
1053
475
5314
2211
9775
8151
3461
8498
27
1452
5608
1876
9119
7483
5850
4064
4032
7285
5342
4032
9311
3959
4060
9056
4740
2430
1420
8874
8944
6511
7561
2723
7046
810
6503
8024
8743
1268
9606
3058
1621
8281
5881
5585
9826
2961
2681
3287
9237
8559
3660
5202
3157
8539
715
8499
9330
8407
7515
1001
1777
3287
6574
2077
642
2684
198
921
8095
757
7558
8402
4546
1394
2609
7974
3888
1230
1984
5698
5791
6455
8018
156
8648
299
5179
1045
2553
9682
4799
7550
8011
4404
3001
4663
3164
6101
1513
9276
1546
1582
5970
6795
5218
8480
6099
2678
2956
3718
2148
8397
3434
7893
1945
9297
3743
203
7675
6598
7723
8432
6766
6601
5336
406
1554
9657
3609
6945
9118
8683
6325
3690
5907
851
7020
5048
4530
8839
9209
7649
4139
5602
4443
9442
8410
1814
9615
808
6914
81
7157
9753
4069
4337
6120
1789
3218
5675
9268
5503
4101
876
2720
3039
7696
2919
5596
8308
733
2889
9256
1416
3517
7622
2275
6157
8274
6208
9684
4303
1744
4952
1516
5350
8043
2512
948
8864
4753
4065
6075
2878
9089
4719
7767
9330
3402
2694
9635
4113
2724
3993
1920
7063
2741
5940
8143
1436
9767
9817
1079
7507
9864
6669
2944
6999
9774
4462
4705
1752
1767
3362
4844
5781
9472
3965
9592
7259
9976
5782
4651
523
744
1114
2496
2717
3944
4548
9566
5929
3205
456
7742
4909
9965
763
7416
611
5744
1852
6731
1777
1398
943
3002
5997
1129
9440
4674
449
779
2157
134
9311
8979
8254
7858
8247
1516
3561
8776
2980
5945
3356
5891
6815
4410
279
834
5631
225
7176
8912
7743
4635
6327
30
9845
3975
6318
5378
1500
3141
5899
4545
502
3175
3544
7926
8668
835
9300
147
6408
8118
1218
7038
7769
1590
7584
7189
7222
4524
9971
9784
477
7843
5421
4351
2958
9607
1659
1809
5986
6431
1964
9083
9091
2569
3802
1940
2105
3714
813
7369
8622
3849
4504
6690
6083
3853
670
19
5911
7476
5044
8919
7342
4175
4825
818
1726
3186
5829
5910
1144
1867
8291
959
6166
1524
3676
1330
5898
2545
3212
7496
1242
7314
7842
9752
8288
872
6793
3299
4292
7188
6416
3883
1892
3472
3715
9982
9465
4743
3566
4826
8275
2853
8929
7449
9948
4466
3264
3408
5037
7380
6774
711
7137
6015
5281
2109
3952
347
1614
455
3448
4245
111
8326
6503
872
7894
8119
7031
9212
8061
5120
5753
4325
3174
2470
3255
8451
5639
2414
1285
1638
557
4483
1470
7648
6394
6779
3154
2236
6152
6933
7387
1907
4211
8509
6484
3370
6043
9552
2134
3384
4347
7074
5162
2047
3221
3401
2185
2680
1708
283
1090
6086
9230
6545
6472
1905
9976
5531
8312
6684
7784
9957
8136
1228
2960
7310
2420
7091
7683
8483
8168
3172
421
8020
9981
1609
3022
2770
2416
4276
3264
1073
3627
6244
993
9363
1797
1374
3041
3853
7633
9996
4141
7856
7025
1663
4041
5185
3653
1594
969
5044
1854
3109
9840
8947
6654
8911
808
3045
6484
68
7130
31
9775
6474
2274
9161
5433
6803
6890
143
7106
3883
8307
4940
8958
9901
9651
5277
9915
2459
6145
6857
7507
6033
8819
136
8250
6051
3116
6799
5398
6991
6949
2180
2000
3518
1821
5117
9928
5510
9709
1371
655
904
6908
8887
5213
1974
1521
6690
429
4805
9226
1415
4499
5072
265
7055
5573
9029
8734
8166
7255
6006
8068
3005
5634
1943
7893
4613
5491
5936
2127
6749
6377
8600
3374
9499
554
8164
9504
3992
422
1341
3175
9411
5434
4272
2800
4799
5976
7882
7831
6408
7410
8340
7706
4788
8802
1168
396
7359
4270
8830
6953
5701
5366
2186
6428
2235
3372
8422
5196
4688
2636
4535
3709
8265
3173
6967
2745
823
3847
9937
6569
118
9121
9009
8775
743
138
4685
7053
8720
5461
2390
1432
3658
9087
1545
2276
1982
9545
6561
7932
9982
3843
1335
4297
6819
1801
5653
7141
3496
3283
1158
930
2138
7711
1645
7988
418
268
4288
7851
7961
4842
9530
2002
6084
3089
2755
9663
8404
7221
5885
2209
669
9895
9530
670
9815
2775
472
2617
4848
2391
3075
480
7173
1621
1561
6228
6940
184
1616
7781
643
2042
6576
9259
1322
6933
4294
1467
4100
4547
1584
9648
9137
7737
8961
6463
8853
3191
1777
3570
4366
8887
7515
1137
7593
4968
6989
9952
1105
725
3451
2677
1744
7738
7749
9416
5714
3075
4317
7372
3309
8011
1281
5907
9489
3937
9249
4840
5392
8097
9819
9111
3059
3855
5155
6050
4597
7811
9244
3551
4149
4633
6162
7718
4383
8467
5191
5791
9984
2983
1510
4870
1625
1900
3267
3551
7978
1336
1228
6765
3646
6505
532
1588
970
6131
1811
8749
230
5501
5410
4392
323
7211
8597
4253
6558
1128
9304
5174
7204
2286
4346
372
4299
277
1203
4383
9449
757
6397
1586
9245
54
8657
9189
3742
4774
4764
4605
9675
7107
8275
2963
6717
7707
6141
9119
6264
1157
8891
3279
6217
8517
5658
9624
2360
6648
1601
8350
4082
9043
926
6372
1348
8986
2169
206
6078
7139
5495
3941
4497
525
3395
5430
1689
8761
7478
8774
1466
5264
8410
2478
99
4648
2173
2803
2989
6815
4213
2814
5133
8627
8495
1636
3115
9351
329
2205
1198
1092
6238
9803
2690
9300
3923
4482
3251
3409
9520
5750
6786
3117
4688
734
9587
1680
6982
744
1849
5389
9206
5195
5648
6282
9070
4117
8887
1078
5454
5254
3423
264
5284
5006
4561
668
9816
4428
401
2643
795
988
7090
5267
8136
2732
5317
4856
2622
9246
8808
3141
5979
6235
8863
961
2961
805
7974
2725
8821
9576
2739
4559
8833
2233
6408
5653
6231
7192
2193
3212
5320
3861
7258
7754
9528
9670
7786
9872
1774
6129
363
3515
5245
2551
4846
3710
1712
4251
701
3151
406
2726
9617
8991
9310
9
4379
2604
6433
2294
4660
2341
4161
5710
3444
3162
3441
2287
6883
3563
2395
517
4827
9491
4018
8821
4324
4552
4234
1358
5253
3807
9882
7262
475
1206
5104
4743
1632
9246
2417
6170
6769
3871
2724
221
713
525
9127
6719
8574
9144
3743
2863
1189
4776
928
1312
1601
7449
4559
6364
6447
8889
6391
7393
9721
2132
7032
4732
2658
314
8020
5515
3183
7476
9945
229
8797
736
3856
2538
4224
8055
7369
4350
5520
7431
1908
8153
3690
5369
3217
3290
5983
4742
5662
8181
9714
8127
9854
4003
4926
7833
2811
123
372
6305
1540
6351
8497
755
1976
4113
5204
7634
4863
3965
5829
1335
3965
140
812
9489
8296
2926
1023
2956
5647
8458
9250
8884
9727
409
7571
9564
3313
9529
1493
7205
3901
7617
5006
9607
3757
1827
3955
5571
2620
2152
784
6519
4726
4059
9992
6192
8909
563
4527
3448
3527
445
1547
6889
9337
4108
7370
706
4404
1554
5280
8269
9680
7880
6690
3859
2183
9379
7123
8052
922
7767
9859
2874
9335
8055
4479
9697
9034
3368
4983
8443
7303
9418
9412
3279
7926
1806
1038
6124
4041
6228
7078
7482
6516
8052
2514
9929
3593
8354
8345
5877
9515
9721
706
3675
7038
603
7115
4891
9646
7176
7055
6732
408
4870
6533
4967
4428
5859
3318
5084
6100
5006
2469
1799
1869
8938
1456
4914
9946
1136
9129
8275
1574
6446
5386
2609
8732
5769
5028
3736
1430
1491
9246
2008
8817
9112
299
8558
3539
1098
3280
4236
9876
2669
5289
8722
8590
8487
4054
6662
609
6701
4245
8980
9143
2904
8554
9460
4001
8505
13
7533
1263
417
9902
5533
3629
4269
7563
1295
409
6427
6951
3795
6810
8218
3520
7028
2814
1978
3841
1126
1379
2900
4910
2295
4247
3664
8281
8036
9908
9048
8589
3878
2509
3321
4523
3380
582
9117
4499
624
6966
2345
4203
6216
5732
1003
7700
8391
4187
3298
8347
8113
4794
8593
7971
7176
8931
2800
8586
5545
5182
6653
871
4524
8599
383
5318
9529
6531
5528
207
9223
4191
9426
3743
4305
4003
1864
1210
1230
4719
2483
2736
6703
1041
3734
3344
1539
7511
9677
6824
8954
6630
6208
6077
7094
2856
686
1469
4618
1906
6200
9870
9525
6643
6058
2322
5950
625
1882
9136
3223
3811
6544
6498
7870
9640
5729
656
3279
9612
9101
6632
5390
6280
7233
7788
7019
3942
4340
9661
7200
1214
5526
7946
2858
5618
9154
7445
4252
375
3185
6561
563
9117
5616
130
3336
5
5899
977
985
1790
2715
65
3960
2495
8596
5433
6408
6346
3544
7379
8688
2582
5178
536
5991
7479
6018
1037
307
1312
7148
7637
3624
1917
7832
8018
9319
2121
2428
1310
7739
8679
913
7219
2880
6548
1632
6578
4983
973
2556
9276
9260
1154
252
6345
6752
3170
1726
7664
7214
8195
9196
8866
2667
5676
745
5123
3820
1812
4808
1214
3074
5791
1669
4336
1009
2212
6380
247
7466
5531
8403
8404
6920
7111
7432
6134
2950
6280
5076
8776
7724
5684
5028
9482
1996
1173
6094
4065
4074
7937
6005
7152
7467
4688
42
7187
2405
2081
3494
7560
4657
6118
6278
1648
4203
7715
4702
6526
9584
9010
8906
6246
3582
3973
8269
4444
2353
5576
1244
7543
1516
6338
6869
8610
7611
6761
5908
1122
8966
4749
1713
2274
7899
7274
8356
8182
2240
5815
2677
4712
6717
154
8416
7650
3205
3471
1201
1651
1979
2350
3315
4440
3247
3538
9054
4847
8560
5011
7628
7036
6247
2947
9657
6690
5330
1501
9991
5961
5935
2806
3266
2915
8348
1516
3208
5191
3797
2642
3387
9733
8727
5812
2461
1322
4625
7336
5477
5478
1241
2015
1903
5032
8667
605
107
2318
6923
9698
9148
6134
2498
1016
7427
4639
9984
1744
3916
3920
1616
4881
8599
1466
1285
3704
821
3202
5476
9659
5940
3923
6026
518
8281
6327
6155
6103
559
6735
1338
8970
2665
4231
729
5326
1107
3348
2960
7845
2775
7790
638
733
3657
7407
8121
6539
3468
1631
770
1032
5235
1477
600
9932
162
2034
9948
8906
8350
5164
6805
4674
8969
5043
7975
9868
7290
8881
6239
6535
3376
6454
2735
9368
4081
191
9710
7308
4981
2775
2239
6594
7137
365
8088
6908
7911
4208
4898
8156
2476
5196
8016
4990
3965
9691
9203
7000
8603
8878
5145
575
1940
1915
7848
6311
3021
763
4155
3310
4570
3895
2869
2679
10
6214
7471
6799
9027
3323
868
6771
2247
7509
5032
2418
7000
4655
6431
3530
2082
7436
1762
2111
7864
439
7634
5097
7065
9396
6936
4192
3079
8296
6769
3801
2800
5239
5944
139
4430
5893
8876
2010
3631
4511
2921
161
3025
4512
3746
1430
4471
9888
9415
8091
2643
719
4445
7927
6909
5281
9880
5614
2616
5717
3683
4554
2224
5312
2949
4388
826
837
9113
3204
9377
7104
5264
8364
881
9892
6768
2072
587
6199
7778
8966
2531
5599
5900
3416
9307
9544
3069
3449
6295
8623
7591
5636
9332
6523
2173
3752
7466
808
3343
7773
5077
691
8913
3743
3503
5938
2805
4182
1667
1122
2860
9154
9542
3355
1500
9199
3878
137
827
4190
6145
3013
8979
7229
876
6417
7954
5547
7290
8274
3932
1890
8860
4038
6135
950
1936
197
1650
1958
6027
6418
9915
5082
5384
6550
5723
8834
7962
2432
4640
544
2310
3312
2817
9314
8559
9731
6029
9820
8990
3310
9249
4604
578
7657
5160
2895
1532
5299
4528
7783
5366
9009
6563
9161
1517
1795
1322
5157
7832
582
7979
1963
7436
7365
1078
4194
9790
4591
3800
2071
2513
1787
4854
7308
7213
7043
2875
6621
5531
3987
1991
1658
747
8225
6357
1655
7513
1123
4704
9750
6933
2567
4676
9100
3384
18
8250
7652
7977
3810
6113
4322
3921
6620
4167
9174
653
190
1291
2124
8001
4893
9548
3605
5236
8985
9904
7460
6847
8624
7073
3091
465
8574
9007
8780
7687
6947
5348
6975
5502
4343
7995
2088
8853
5214
7805
9922
9350
4389
6236
6053
2134
6513
199
4538
2872
3114
428
5506
9701
1844
2556
7811
9792
2188
422
7900
4436
2899
2881
6978
4912
162
5310
8537
3712
6698
2057
4920
5104
3165
1872
9303
2304
1673
8316
8627
123
7850
358
7895
4400
6992
3040
7562
7299
8461
9233
9418
4613
7793
9123
2336
3976
3818
1564
9335
2154
194
7834
6021
2310
49
6251
5171
4978
2302
33
7720
1383
2188
1625
3714
9766
4147
3419
5658
2677
8688
5054
264
7127
2276
2658
900
2371
6761
337
1969
1760
2596
5808
4918
5384
9176
8312
2159
871
1897
7780
5243
620
4322
6340
2536
8956
9174
1549
7392
2546
9604
4636
6046
6268
631
2995
8855
9951
4078
57
3325
4979
7397
3055
7493
520
1163
5151
3082
4605
809
7622
1650
1836
2918
8467
5383
1792
4874
4631
5436
9015
9018
2949
5366
832
8286
3374
7610
8431
5037
3077
4927
5830
8999
71
9178
640
419
2780
8048
4666
4566
3417
7861
4778
7227
2771
1301
4876
2977
1947
8405
2577
3405
8938
1567
9778
6691
9124
3960
2482
4717
536
3461
5129
7647
1553
8950
5938
1976
6159
6697
6647
9500
399
8708
3123
14
1396
2301
3771
2596
6373
7478
8496
246
3795
8007
2352
4415
6069
4877
239
3409
2967
5275
5242
5774
2305
2990
1837
6004
150
9197
9613
7345
3994
41
506
7205
8105
706
8043
6684
6596
5211
2443
4297
1024
1580
555
9786
6510
7983
8290
9018
4816
2090
7928
6641
977
2609
4577
6912
6484
2963
7938
7222
8974
5740
5886
1017
1691
3925
9716
9842
9724
7337
4547
7978
9986
4305
55
1868
9538
411
5804
4337
3819
5394
7184
9524
1363
1504
1163
6671
4162
6114
7639
2721
3104
1776
9323
2587
6056
982
6278
7775
3416
2490
2778
5921
6427
4996
375
7292
9465
6697
5316
177
5758
5322
5124
8120
9575
4355
9679
2647
2598
1767
9047
3276
6102
3884
5502
638
3683
7095
9036
1868
8014
5690
8987
3370
5383
8490
4104
6847
3753
5219
3799
9659
6621
812
2920
9008
2881
7068
7079
7674
7531
9545
8232
5608
1199
3210
1792
8949
6021
5757
5004
9879
1991
6205
8520
1470
1613
9168
8650
9744
9580
9086
5333
1286
6243
4865
1565
9838
2175
4934
8631
6178
5009
4233
5786
5966
4545
6460
3823
5664
5140
4649
3305
7742
5633
259
5859
5341
5513
3771
4134
7854
6782
4886
9018
331
4838
4705
1746
1661
8045
7442
1696
4430
5315
7553
706
4215
8825
2881
3942
9945
2989
6421
7454
4114
6073
9965
4602
6913
9451
7812
2217
1345
2064
4524
2238
4742
2433
2049
8421
5892
4585
6596
7818
6511
3788
4217
9200
7933
4511
3370
5551
2733
792
7400
6706
8040
2984
7186
7954
3313
765
3255
566
6359
9643
3357
8307
7504
2635
6936
9246
7455
181
3760
2240
990
9839
6469
5301
386
8886
3360
1046
4953
9012
7484
4332
1188
604
2721
179
108
1191
5497
4094
6164
9573
8680
3473
1954
6299
8698
694
5663
3794
5795
9057
8497
5866
5875
5024
881
8725
4140
3468
6136
5475
8281
8873
3260
7139
8974
1720
5279
3041
5264
4866
2207
5817
1490
6568
6822
8276
7473
3730
7559
9153
7697
4100
8903
7539
4775
8196
4356
5917
9375
5952
5367
9452
1858
6282
3009
7090
209
2081
4089
8259
8216
4296
5936
8662
1445
9310
6576
8382
7593
175
6670
2291
2810
3433
6421
9774
143
8832
2201
289
4403
2140
1219
9207
8314
167
4416
3545
3587
8234
6978
6318
4583
3779
3939
3508
6051
2510
9805
9052
8744
4656
9927
1740
6720
4455
4795
811
7290
2716
2194
496
7403
5151
9330
3236
1831
5368
9931
4084
4471
9067
2235
9502
5481
5324
5533
5834
8064
2739
4641
3510
3370
860
6448
5779
3850
5382
1547
4112
5910
5987
9943
6245
3808
4540
868
6211
4635
6942
3053
6286
9456
8893
4180
3602
8973
1509
592
7116
3272
3508
861
6023
2381
9303
4476
577
3480
4539
9959
7742
5780
8489
5838
8817
6747
4836
5152
7248
4013
6277
2168
7607
3707
65
5398
6972
9430
7394
9584
9925
5409
3332
6428
5925
2695
217
6547
5078
6345
7511
845
4685
4663
3534
2773
530
8096
4906
1534
6298
4618
6368
1828
3178
9542
8009
3261
3357
7559
1004
9293
2350
2851
5769
2952
6972
2192
5842
5206
7426
80
1919
2450
2913
2932
7980
696
5604
5877
2452
303
7944
9909
5840
2870
3449
7284
3223
2321
5998
2237
3810
5109
4558
1344
926
7595
3445
7920
504
1772
8351
6418
7491
4338
4023
4638
9277
3268
208
9516
750
3029
7076
4335
1549
844
2779
4651
6925
7147
4579
5264
8749
363
4556
1413
6172
9379
2662
7312
6477
3203
5435
1667
1199
4437
8033
3274
232
5413
509
5534
6311
3511
1147
5234
2550
1253
4440
945
4827
5823
3448
255
3339
2835
3206
9407
4525
4823
9679
5757
7646
1072
8429
2141
4284
4139
5083
9183
483
7644
1396
5166
246
3537
4447
3540
5491
1902
5509
5487
4771
8215
5109
5885
8145
8626
4436
9542
9643
7743
2645
6390
8810
6049
2684
1773
5820
4274
9329
469
7113
5678
8381
736
4331
1534
919
7077
2486
1830
9140
4389
9271
4953
2299
6009
9302
3625
9556
1251
3618
4397
3413
6145
7558
1874
7908
5522
1882
1052
2360
1959
8835
3415
5476
6311
1583
2661
5391
5147
5867
3530
821
481
3065
4963
3929
938
2136
6292
7597
3749
6352
6204
1399
3566
6721
3393
8213
8940
502
3323
4114
4740
1539
6648
2348
1579
9592
5705
9224
9518
6502
3087
3656
1370
5948
233
8667
930
4934
7496
9994
2313
6442
3523
5369
3259
2289
2472
8967
1858
4371
7145
9939
432
8635
4188
6862
7507
876
8124
4410
9199
6265
2806
8257
8176
8409
9734
9986
2952
8680
5523
5741
8274
7015
1336
736
6140
8146
4885
9755
5898
8619
5100
3431
9602
9691
7716
9323
396
5652
449
2392
9618
2243
6571
5756
762
1682
4880
2957
3082
3021
748
2492
9982
5088
5360
3740
9992
1006
9141
4111
3469
7965
3892
8207
7901
9579
5901
959
2816
8284
9951
7437
6112
2713
7040
3703
2240
2531
1395
192
8130
33
4108
6242
3074
4366
4729
1269
9177
1463
4152
6316
3211
1729
491
2994
6589
5693
4375
9198
5972
985
566
2338
9637
3175
5013
8947
7704
9065
2989
4029
3814
7133
3328
4254
6628
8434
3845
3452
17
8078
148
950
3499
9962
6587
6699
542
5007
6639
6147
2252
9117
3768
3071
8121
5811
5487
8632
2882
8233
974
1356
8093
5474
1558
8372
1976
8278
967
3324
9211
4073
2021
8732
8540
1673
4775
637
9516
4174
4708
3250
2062
88
7911
9714
1314
7636
1931
6636
833
4706
8895
8286
57
6705
6128
7574
22
4597
5578
4685
8698
489
6944
1209
8540
1751
5899
2504
2000
8900
5900
1930
5353
8001
265
4127
5141
1686
769
4726
945
8020
9857
9399
181
1452
8687
9655
574
937
3018
6791
1308
5349
2133
7093
8122
4204
85
9606
3664
9245
2201
1419
1615
2380
7984
6227
9347
4146
8632
4174
4935
1095
2825
3775
5966
7602
5021
349
3734
1996
437
4485
4520
4734
2542
479
5720
7640
9993
8741
5199
8645
177
9093
7968
5370
5143
7844
288
5147
5474
3753
6089
3769
3281
530
7231
1461
7898
1505
766
9117
7044
8609
3212
4427
3020
1859
7391
3301
6140
7723
7979
4967
3510
1835
6455
7916
5958
1881
7649
8984
1336
7254
8337
3630
7128
9031
6386
8031
4618
8034
7107
927
2927
1108
7542
7130
9630
3004
7840
2113
2796
7510
5195
8467
5451
2513
4514
334
7022
885
7851
21
6573
8495
6657
2825
3722
1454
498
3056
1124
7781
9881
8930
1593
9713
1124
3560
3278
946
9181
826
5126
997
7492
3481
1557
2175
345
8294
6463
1484
7019
9010
593
8722
9847
949
9040
2785
3697
2593
663
4976
536
8568
5480
2414
799
9183
4756
9313
1707
8053
3417
4502
9603
3969
5909
7465
5382
1926
4790
7340
9211
1758
3323
6109
8852
309
2323
9557
9335
2058
2311
1157
5432
5204
6778
6910
1398
2404
1332
8443
9320
3915
2320
3426
5247
698
635
6016
7258
5614
2264
9888
325
2013
6526
6057
1546
4613
7832
5662
493
9597
4742
1052
8387
7116
9363
2562
1595
6936
8418
4542
6997
7651
8253
6035
4705
109
8390
807
9753
1729
9308
8166
2387
316
2642
984
3951
9119
4023
1365
7220
8776
6208
8921
5748
4253
4270
5501
7823
8303
203
5957
7057
4177
2151
628
7495
9576
1100
5037
2520
3113
611
6956
5251
2304
733
7078
4074
3004
7683
205
8053
6031
4490
6539
4870
8904
9438
1462
3132
2334
4200
5978
5999
9327
1692
1185
1990
251
238
2457
7383
5407
9172
5592
9437
7789
7605
9794
7452
193
9742
2926
7165
9866
6226
393
7594
4515
582
832
4134
7198
560
8238
411
9273
8423
8174
6350
6252
4185
5601
679
8371
6481
8728
1789
2422
1589
803
7660
1686
3716
9000
3711
8122
6046
7103
1234
5504
884
1057
4813
5797
1455
2707
4457
5146
163
6011
7556
9587
939
3235
1654
7349
2858
9210
9156
7484
2499
6241
7830
5504
2855
3574
7084
5833
355
9960
9157
3547
431
6376
1436
7807
3204
101
4308
4520
6257
7560
7815
7223
2059
3928
5113
7009
8743
5780
4755
5800
5036
4333
3760
2388
2677
1982
4145
3288
2209
8276
3298
6777
1542
6405
2325
1476
2204
7969
1908
4429
8526
9772
3368
3873
4434
2355
2940
5755
9176
5983
8575
5292
9540
528
6355
6668
6660
2532
2637
7364
5436
9322
1115
1705
2321
9102
2560
5203
8547
2187
752
762
5588
7022
6022
1062
2870
5840
7850
8026
4444
4919
8461
3953
9076
6046
5185
7940
2149
2661
8825
882
4226
7949
2850
6922
329
9263
4185
6043
5320
8165
131
1562
169
7207
7973
2820
5477
9227
8868
1080
4779
6516
3472
5878
2055
5509
5291
1425
5555
3633
2363
1968
4415
2480
6631
514
1109
6034
9268
4314
1628
1149
2264
4960
2764
7495
5489
2729
1905
4532
6099
7814
1359
9068
3074
4651
6506
8439
8266
2012
873
5459
3878
1812
3755
3387
4786
4641
127
5849
5482
3073
4246
2692
2229
2739
685
241
3332
8394
4527
4052
796
9250
259
7773
41
8697
5030
8131
2163
7840
7947
9671
571
6552
1641
1445
5512
1437
3383
9621
8827
8738
5877
4897
6565
7432
9418
1522
393
4577
2909
2956
7355
7403
4036
9306
9830
3727
2285
3591
2561
6240
7515
7878
1694
1552
3117
9191
9859
9844
3273
3676
9501
3985
5488
8378
2253
4529
9001
7745
365
9279
745
4698
5160
4402
1359
9912
709
361
6081
731
8649
5306
639
6963
949
1971
2535
8949
4924
4180
3751
201
3027
3811
3299
5524
9636
3919
8499
1140
5637
6367
2990
1963
4384
2647
9389
3476
5253
5997
9952
5768
853
365
1526
8034
2836
6177
711
6204
3397
1721
4948
9477
4382
4054
985
8856
9482
2442
2811
4773
5631
5123
9756
5615
5254
6670
5456
9072
7045
7848
1250
8472
5304
6666
6860
3370
7701
1620
6815
9817
4600
2698
9897
5274
9025
7798
7200
2532
8231
5668
5378
9120
9034
4718
9269
5366
5611
1660
1448
6618
7759
7560
6111
3969
1319
7728
5214
5593
103
410
5073
1391
2219
9484
9324
2540
3593
9136
9478
5002
1239
9666
8839
7258
5194
8938
1346
9675
9454
7244
5650
6137
2756
4643
5963
5962
7297
2639
1574
6538
5342
1253
6523
2926
560
2567
7378
8670
3062
2146
4253
1574
7438
6634
7927
8644
7121
5913
9472
4111
5522
7756
8493
3697
6359
7408
5301
407
5580
8382
391
5819
7248
7155
2829
3516
1717
8945
8329
6237
4394
3636
2076
5640
6536
8434
699
975
6191
6030
9171
428
9119
5243
8540
4130
1980
8051
9108
5389
1311
71
633
5474
1936
3675
7493
6533
6795
7285
5659
8458
7975
6185
167
6267
7318
6412
1597
6665
4546
9594
172
1232
5561
4002
5061
7236
2461
3791
276
22
5268
7154
2206
6154
6945
8874
6902
8271
7157
7984
4447
2341
2985
4224
6331
6743
259
8275
4653
3002
8943
4010
9820
9704
9794
1012
7093
4140
4322
5599
5780
4153
1793
6593
4608
8344
5858
2926
3898
465
8600
9809
2469
6278
4662
2438
9980
4453
2934
6801
2887
7762
509
2746
611
8462
8241
8043
2358
762
6207
9229
1136
229
1949
4371
4241
2108
6926
4974
6490
5458
8259
8671
2797
2594
1621
8853
2242
4084
5655
4318
4996
5392
1055
6329
1894
7648
5051
3312
4112
8984
710
1027
5537
923
175
8088
9506
3975
6632
5894
9208
8549
7022
1946
8751
9096
1143
6916
4645
5000
3910
7424
9985
5811
701
8423
3323
9289
3898
6052
3323
9295
206
8750
1709
5958
2762
7171
6959
6262
2147
4627
9294
7911
1139
1446
8343
4602
6500
2891
4321
673
2515
9242
6357
1890
3300
2868
4575
5009
5226
3067
4190
9378
6387
444
2573
1399
1653
861
4544
3214
3362
6724
727
7437
950
6593
5032
6596
500
5999
2867
7208
9750
6928
6842
5228
6201
485
6602
6745
3608
7530
9752
3028
3760
7864
3492
4102
2578
6690
5553
8369
6637
5432
6312
3286
9084
252
5747
4851
5546
8875
2882
2515
400
5876
7290
8231
7750
9252
9995
8778
1911
514
954
1362
10000
8122
4943
5629
3368
5039
4881
425
732
6358
2638
4112
1182
9610
7731
6274
3473
4019
1483
1614
7208
874
6224
6893
6338
6351
6536
3939
9549
9468
6260
524
9504
2387
2445
1706
516
434
427
8450
806
8441
4052
2192
4512
9290
4225
39
851
4489
5859
8088
9256
3139
7054
79
347
9824
7635
5573
7335
7989
2118
370
9252
4280
1913
6292
7117
2605
2163
6694
8150
4238
9408
7316
4283
355
6910
6023
5418
1921
7231
6093
8207
4800
1127
3992
7598
1374
7445
8268
3647
6267
4199
1608
9710
7096
7797
4308
8401
70
784
5579
2120
8620
2771
600
6411
2719
8404
2472
2168
2873
8402
5480
1074
8292
6642
2519
3099
4767
6739
6402
6190
4275
1969
2888
3267
8138
9665
6659
4763
2530
1806
1387
4855
4210
170
2941
4300
5079
6011
9433
9961
2541
3893
6639
6098
3225
880
3081
1011
225
141
6964
8226
186
4140
5276
1167
1885
9617
1831
4529
240
491
3084
2011
3886
4459
769
3235
9513
8771
9406
1490
3815
6467
9218
426
3810
9119
3896
5372
5388
961
1419
2429
7506
8497
9653
8226
2762
2890
3057
5469
1572
3711
5556
2334
688
2473
1875
9599
4233
4766
7839
99
9236
6101
9809
4484
953
5052
147
7421
9860
6466
2027
1976
3911
2526
311
6629
9257
2677
2780
7667
1752
8745
5062
2453
704
6231
2592
8523
9075
9700
7695
9556
5331
6925
5655
7591
6273
8616
7421
4953
5774
9657
7112
5659
5679
1265
8965
1890
3204
3765
2364
422
876
4326
2707
5005
1696
2397
5401
3584
3920
1646
3834
9972
3473
6799
9380
6530
3605
4957
5508
3657
3475
9249
7691
9945
2393
5259
7309
7789
7279
8352
3870
4215
2950
9390
1122
2928
3236
9362
2554
6139
9495
7624
3975
6916
4551
9594
1963
732
8274
2948
2632
9364
5909
2977
4820
2637
3279
9349
8522
8377
9872
9767
3155
2618
2321
6047
4084
4622
5170
1532
1579
8906
7793
3444
6628
2172
858
3113
3722
390
9690
6781
3044
3820
6569
1076
4306
3737
7364
1141
2284
1867
6390
1385
4405
1881
5856
4529
1690
859
3073
126
6715
5233
8001
197
5330
4144
5349
9922
7581
8383
3519
7376
3536
6787
5721
691
5339
7822
627
9201
1825
2773
7514
2480
260
9196
7442
6863
3804
7246
7873
6605
4629
4779
4272
5626
6544
3148
8475
5897
1542
9806
3748
6414
6531
4452
1327
8128
9136
8105
8299
3860
7748
1375
5293
2598
6507
3553
4488
9161
6419
9329
5821
7202
7875
4759
725
1235
7950
3905
2683
6461
4990
2527
5185
711
6332
1976
6235
3563
666
4474
1687
6964
8537
8361
8903
7214
9497
4356
6859
757
2300
2765
4741
2780
1420
7881
2816
4982
8358
3619
7922
9815
9849
256
6255
8028
2808
9083
3594
8147
9528
4619
7085
9774
8518
5951
6566
3137
3712
2812
8015
3222
1051
9670
7669
3552
9280
8233
9968
8769
962
8949
2324
3405
7503
2886
5774
3763
7738
3942
5958
2591
7690
6506
9469
6093
3167
2302
8169
3139
5080
4949
3624
6221
9789
681
3891
8935
2447
4797
8248
1159
4165
1905
4637
7760
7742
2885
280
8579
2095
2618
3809
6398
8504
7890
3537
9754
4473
8664
5976
4551
5212
5715
2892
8114
8052
3241
8892
16
1446
8107
4235
8083
8625
4442
2162
8967
472
3050
8057
5250
6394
2793
7215
9349
4702
3537
3648
5382
6918
2442
8541
8708
3512
9508
2193
5628
1183
1282
3252
5329
6269
5567
4560
3669
1244
2057
8285
1841
3934
2403
7052
5610
3238
4036
922
4488
1103
1724
8955
3132
4837
4420
5340
6500
9476
1448
5969
8265
6114
2124
2321
3375
721
2438
4958
2243
7858
9364
6669
6517
482
1814
8870
1393
8757
9761
3389
639
7201
6620
570
8882
3332
6051
2896
2023
1233
3883
6843
181
5907
2481
1657
7504
1465
6755
514
4765
5822
5604
2434
4889
18
1167
9209
2844
5684
8381
8478
3899
8112
5555
4356
428
4414
1394
2474
8277
6987
7324
5224
5944
8663
1293
9709
9234
9891
5492
6454
2535
524
564
6526
1948
8342
461
9271
9397
8569
789
1477
2132
9653
3710
7046
978
966
4454
4253
2020
8729
6955
9061
4922
5505
7061
4472
8804
2376
1195
1083
5637
4605
3531
4195
1418
2975
8930
4272
4013
5868
5227
8987
9882
4402
2917
4486
8490
4208
4011
9354
2114
1889
9399
5198
5729
5845
3413
8937
5691
768
2605
6991
421
5105
4385
6893
9799
7887
4274
9141
6077
3614
9352
2235
3704
3286
1467
5815
168
6935
3010
5263
3223
471
8562
8518
6829
647
1144
867
4564
6219
5872
8604
7998
1519
6888
1527
4163
5410
6732
8817
5338
7615
4843
3475
4891
1150
2917
2870
7560
6041
3910
8225
7859
8708
4597
749
1675
2652
7911
5383
7843
7011
5046
642
8452
4630
5563
2728
6669
987
5710
5929
8745
806
8997
880
1352
7362
7152
7253
5259
8793
2348
9107
1349
9991
1655
6688
5511
6135
2237
6335
7463
6782
7892
224
3207
748
3665
1594
4092
9314
6736
9298
5859
4580
5743
4338
9451
6971
8841
4557
4373
1253
8593
9966
4455
3302
2076
3703
7961
9692
9327
7328
7375
7495
8864
6735
94
9586
7124
4034
3021
1734
5460
2766
8160
7226
9929
5661
2548
9888
1731
8744
7000
714
4193
5156
4042
4105
7294
7582
6295
5294
5634
2141
3868
9585
6976
4728
2968
7262
5310
6192
6405
6847
2667
7221
3973
8623
3394
9301
5259
2430
6616
700
8198
9705
811
5359
4739
56
4526
1165
1279
2993
3984
2408
195
9540
5960
5932
2226
6468
3166
4246
5640
5952
6932
740
4867
9521
9820
742
2237
9165
4658
9737
5833
3652
1695
7970
8519
443
5081
1438
554
8224
8570
8196
6165
3433
7097
9058
6990
3102
6834
7454
3857
6004
8634
2777
7786
3162
8462
1950
7757
3126
2347
8648
647
8244
2452
6775
7788
4330
3517
1058
1664
9320
2616
9102
2810
8081
2564
9248
5800
8140
5801
1803
2954
6476
4994
630
4125
7200
298
7255
5408
3995
753
9089
726
936
9117
6356
7979
7314
388
8392
9055
5320
2058
4221
6018
7263
3040
900
6197
2477
1014
7938
9512
53
8
2057
8444
6885
9936
3652
6639
3738
8867
8523
8141
86
458
9332
8099
9076
2658
3667
6191
956
2422
8610
5047
3579
1576
8623
3654
7368
3928
5729
4992
1412
144
1721
7817
6354
1208
5388
7507
184
5505
8762
1436
3535
1502
2048
9413
366
5940
9550
9386
5631
2330
985
9350
9274
3554
8741
3660
9669
1349
3013
7867
8045
4309
5656
7278
5692
1426
3569
